minf    = 5.95
tref    = 1464.7157
reref   = 2179168
muref   = 7.65034e-7
muinf   = 0.00002

dxi     = 0.0004
neta    = 31
nitmax  = 750

rb1     = 4.25
x0      = 5.0
x1      = 22.5
x2      = 50.0

thetas  = 22.0

